6, 6, 6, 15, 6, 9, 21, 6, 3, 21
6, 10, 52, 13, 52, 52
6, 15, 15, 13, 2, 6, 52, 41, 13, 52
6, 21, 3, 21
9, 83, 22, 22
6, 21, 21, 21
2, 15, 15
21, 22, 6, 83, 83
6, 6, 52, 52
6, 6, 6, 9, 6, 15, 21, 2, 41, 10, 52, 21, 2
6, 6, 21, 21, 10, 22, 52, 21
6, 6, 21, 2, 21, 52, 52, 41, 16, 2, 22, 52, 21, 22
6, 6, 21, 9, 6, 3, 21, 13, 21, 21, 9, 21
2, 2, 6, 6, 10, 15, 6
9, 9, 9, 35, 10, 21, 10, 83, 14, 83, 22, 10, 83
21, 6, 2, 9, 35, 16, 35, 22, 35, 6
6, 1, 21, 21, 22, 21
9, 21, 3, 21, 6, 83, 42, 22, 6, 3, 83
10, 22, 10, 6, 22, 2, 52, 66, 22, 10, 52
6, 21, 2, 6, 21, 9, 21, 2
2, 15, 6, 15, 15
9, 22, 6, 6, 22, 35, 22, 6
21, 21, 3, 21, 83, 22, 35, 6, 2, 35, 83, 6
6, 6, 6, 52, 22, 21, 2, 52
6, 52, 52, 10, 52
21, 83, 83, 2, 10, 10, 83, 2
21, 21, 21, 203, 42, 83, 6, 203
9, 10, 10, 42, 66, 83, 203, 6, 22, 10, 83, 6
9, 35, 16, 22, 19, 35, 83, 6, 6, 10, 35, 16, 35, 6
3, 9, 9, 22, 16, 21, 52, 21, 9, 21
3, 6, 6, 6
21, 10, 35, 35
6, 21, 21
9, 35, 10, 10
2, 6, 6
6, 9, 9, 9
21, 9, 2, 52, 52, 22, 35, 35, 9, 2, 35, 9
6, 15, 15, 22, 21, 2, 21
9, 52, 9, 52, 83, 13, 21, 9, 6, 83
21, 52, 9, 52, 83, 22, 2, 83
35, 83, 35, 6, 2, 83, 6, 1, 93, 10, 2, 93, 2, 93
6, 15, 15, 52, 2, 52
2, 15, 15
9, 22, 1, 22, 22
10, 22, 2, 1, 21, 2, 41, 22, 2
6, 21, 6, 21
3, 22, 21, 35, 6, 22
3, 21, 6, 9, 21
9, 35, 9, 16, 6, 35
16, 41, 10, 19, 22, 2, 41
9, 9, 21, 9, 21, 21, 21, 35, 83, 6, 21, 3, 83, 21
9, 52, 9, 9, 52, 35, 2, 21, 9, 35, 35
3, 15, 3, 15, 21, 2, 6, 3, 21
3, 21, 9, 21, 22, 3, 21, 9, 22
2, 5, 5, 1, 15, 15
10, 22, 16, 22, 22, 1, 35, 2, 153, 22
6, 15, 3, 15, 21, 1, 21, 21
9, 21, 9, 21, 22, 9, 1, 83, 22
3, 52, 52, 6, 6, 3, 22, 42, 6
1, 5, 5
3, 6, 1, 35, 6
2, 6, 6, 6
3, 15, 15, 6, 2, 41, 6
3, 6, 21, 6
2, 2, 5, 3
6, 6, 6, 15, 2, 22, 10, 6, 2
6, 6, 15, 4, 22, 22
6, 10, 6, 15, 22, 10
6, 6, 2
6, 6, 9, 21, 9, 6, 93, 21, 9, 10, 9
15, 15, 6, 35, 6, 93, 15, 6
9, 5
3
9, 9
9, 21, 10
21, 6
6
35, 22, 2, 2
9, 21
2
10, 35
6, 6
21, 2, 52, 52, 10
6, 1, 15, 15, 9
35, 3, 3, 22, 22, 66, 83
21, 2, 21, 21, 35, 21
10, 16, 35, 10, 10, 35, 16, 35
3, 9, 21, 9
9, 10, 21, 2
16, 10, 22, 6
3, 9, 15
19, 10, 52, 22, 10, 52, 52
2
10, 15, 10, 15, 15
9, 6
6, 2
10, 6, 41, 83, 2, 15, 6
3, 35, 52
3, 6, 2, 83, 10, 22, 6, 2, 22
2, 2
3, 10
3, 10, 21, 6, 6
3, 9
3, 6
9, 6, 6, 21, 35
10, 6, 6, 6, 35, 41, 15, 6
10, 6, 21, 6, 6, 41, 42, 52, 21
2, 5, 5, 6
6, 6, 6, 6, 21
35, 41, 35, 35, 6, 35, 10, 22, 10
9, 35, 21, 21, 21, 9, 6, 9
35, 22, 22, 22, 9, 41
6, 15, 15, 6
21, 21, 21, 6, 22
9, 21, 22, 52, 21
35, 35, 22, 22, 10, 22, 83, 35, 22
9, 21, 21, 21, 10, 52, 21
35, 35, 35, 35, 35, 35, 41, 83, 6, 35, 35
16, 10, 2, 35, 83, 22, 22, 10, 83
19, 10, 6, 66, 10, 153, 41, 22, 10, 153
9, 9, 9, 21, 6, 21, 9, 21
3, 6, 15, 6
21, 9, 21, 21, 21, 9, 35, 21, 2, 9, 9
35, 10, 22, 22, 83, 35, 66, 22, 6, 10, 35
6, 6, 15, 15, 9, 15, 6
21, 21, 52, 52, 10, 10, 52, 21
83, 35, 83, 83, 10, 22, 10, 41, 83, 6, 35, 10
35, 10, 6, 22, 22, 22, 22, 10, 22
41, 10, 6, 21, 3, 41, 41, 41, 52, 22, 10, 41, 52
6, 6, 6, 15, 6
21, 9, 6, 6, 6, 6, 21, 9, 6
6, 3, 6, 6, 2, 6, 3, 6
10, 3, 35, 3, 35, 10, 6, 3, 35
9, 3, 21, 21, 6, 6, 3, 21
10, 3, 3, 41, 10, 41, 13, 6, 41
2, 2, 5, 2
3, 21, 13, 93, 41, 42, 52, 21, 41
10, 10, 83, 22, 22, 83, 22, 22, 10, 83
2, 6, 22, 22, 15, 6
6, 9, 21, 22, 6, 21, 22, 21, 9, 21
3, 21, 6
4, 35, 21, 6, 21
1, 6
2, 6, 6
2, 10
6, 6, 10
3, 52, 35, 14
21, 21, 21, 6, 83, 22, 4
15, 15, 2, 21, 22, 3
5, 5, 22, 2
52, 21, 52, 6, 41, 35, 94, 52, 10, 21
15, 15, 41, 6
3, 3, 83, 9, 21, 93, 5, 6, 6, 21
6, 83, 4, 35, 41, 15, 6, 35
2, 21, 22, 5, 2
6, 6, 6, 15, 6
21, 21, 21, 41, 52, 21
9, 6, 9, 6, 21
6, 15, 15, 10, 15, 6
2, 5, 5, 5, 2
9, 9, 3, 21, 21, 41, 35, 6, 21, 21, 21, 9, 9, 3, 6, 21
3, 22, 9, 6, 15, 6, 3, 6
9, 93, 10, 21, 21, 3, 21, 9, 21
1, 2, 1
3, 6, 3
3, 6, 3
2, 5, 2
6, 22, 15, 6
9, 41, 21, 9
2, 6, 5, 2
3, 41, 35, 21, 52, 6, 6, 3, 21, 6
6, 6, 22, 15, 6
2, 6, 5, 2
6, 2, 22, 10, 15, 6, 2
21, 35, 22, 6, 93, 14, 52, 21, 6
9, 6, 41, 6, 6, 42, 21, 9
6, 15, 15, 22, 2, 22, 15, 6, 22
3, 3, 22, 6
6, 2, 22, 35, 22, 6, 2, 22
21, 6, 22, 66, 35, 22, 21, 21, 6, 22, 21
21, 6, 153, 10, 4, 9, 21, 6, 9
6, 2, 83, 4, 6, 2
2, 1, 21, 2, 1
6, 2, 35, 9, 6, 6, 2, 6
6, 2, 2
6, 6, 21, 6, 6, 6
2, 2
6, 6, 6, 83, 21, 21, 21
5, 5
15, 15
5, 5
6, 2, 3, 6
6, 6, 9, 6, 6
5, 5
6, 2, 6
21, 10, 6, 21
1, 10, 35, 10
2, 10, 26
6, 6, 6
4, 6, 6
2, 21
1, 66, 41, 13, 41
21, 21, 41, 6, 6
1
2, 13, 41, 13
2, 5, 5
3, 10
4, 9
2, 2, 6, 6
2, 22, 6, 9, 21, 21
6, 9, 3, 9
6, 6, 6
21, 10, 10, 10
21, 6, 6, 83, 14, 6
6, 6, 52, 13, 6
21, 83, 22, 55, 6, 22, 6
21, 22, 4
5, 15, 4
15, 21, 4
21, 10, 22, 21, 26, 21
83, 10, 41, 14, 35, 35
15, 21, 13, 6, 6
52, 35, 14, 21, 21
6, 41, 21, 21
6
6
5
2
6, 21, 6, 6
21, 9, 21, 21
15, 15, 15
5, 5, 5
35, 35, 14, 83, 83
21, 13, 52, 52
6, 10, 15, 15
6, 22, 26, 22, 83, 83, 22, 83
52, 83, 5, 6
15, 52, 4, 6
15, 2
6, 10, 21, 10
2, 10, 3
6, 6, 22, 22
6, 19, 6, 2, 6
6, 22, 6, 22
6
21
35
153, 3, 10
21, 10
83, 10
35, 42, 35, 35
83, 10, 22, 22
21, 10, 21, 21
153, 10, 10, 22, 22
15, 3
52, 3
83, 3, 3
21
5
15
22, 20, 6, 6, 83, 6, 83
22
41
6
22, 20
6
5
21, 3
15
6, 35, 6, 35, 35
21, 6, 6
35, 9, 6, 6
6, 6, 6
6, 2, 21, 21
2, 35, 22
6, 66, 22
35, 14
21, 4
6
9
6
2
10, 6
9
35
21
6
35
10, 9, 83, 6, 83, 6, 9, 83
22, 5, 20
6, 10
10, 3, 14
22, 10
6, 10
2, 6
6, 6
35
21
6
6
2
9
10
6, 6, 22, 6
21, 21, 41, 21
6, 6
21, 22
15, 15, 10, 15
22, 2
21
5
10, 21, 10
10, 6
10, 52, 83, 14
2
9, 2
6
6
21
35, 2
9
19
16
3
10
3
2
6, 5
3
3
3
3, 15
3, 52
3, 10
10
6
9
2
6
21, 15
2, 14
1, 13
2, 55
2, 14
6, 19
2, 10
2, 16
4, 20
3, 19
1, 9
6, 13
22, 6, 26
6, 6, 19
2, 10
10, 41, 13, 22, 20, 42, 13
3, 35, 10, 10, 41, 10
15, 2, 15
5, 1, 5
6, 3, 6
52, 41, 21, 6, 52
15, 22, 6, 2, 15
5, 6, 5, 5
6, 21, 2, 6
2, 2
6, 6
2, 6, 2
2, 6, 10, 2
2, 10, 2
2, 9, 2
10, 6, 10, 10
10, 52, 10, 10, 10
6, 6, 6
9, 2, 9, 9
2, 2, 2
10, 21, 203, 14, 10, 10
2, 2, 2, 6
10, 2, 2, 15, 35, 10, 15
6, 2, 21, 6
6, 2, 6
6, 6, 6
6, 15, 10, 6
2, 2
6, 6
10, 10, 10
10, 10, 10
41, 13, 41
22, 22
6, 6
6, 6
2, 2
10, 85, 3, 10
9, 9, 9
10, 66, 2, 10
9, 9, 9
66, 22, 6, 10, 66, 6, 66
35, 6, 2, 35, 2, 35
35, 10, 35
2, 2
4
2
1
5, 2
21, 22, 19, 10, 52, 10, 10, 52
15, 6, 15, 6, 15
52, 6, 52, 6, 52
52, 10, 83, 21, 14, 22, 21
5
15
21
22
15, 21, 13
2
21, 83, 2
6, 52
2, 15
10, 21, 10, 22
9, 6, 22
6, 2, 21
21, 6, 3, 35, 6
6, 2, 21, 2
21, 6, 83, 6
83, 22, 153, 3, 22
9, 6, 22, 6
35, 22, 4, 41, 22
6, 6, 22, 83, 22
22, 6, 41, 6, 21, 153, 41, 21
2, 21, 21, 21
10, 41, 22, 41, 41
6, 35, 6, 35, 35
22, 35, 10, 35
6, 9, 6, 9
22, 35, 22, 35
83, 83, 41, 83
21, 21, 22, 21
21, 21, 10, 21
41, 41, 41, 14, 41
6, 6, 6, 6
35, 10, 35, 13, 35
22, 10, 10, 10, 10
15, 6, 9, 6
5, 2, 6, 2
21, 3, 9, 10, 9
15, 6, 21, 6
52, 21, 35, 21
15, 21
5, 15
6
6
6
6, 6, 21, 6
21, 6
6, 6
35, 6
5, 2
15, 2
21, 2
41, 10
22, 10
6, 10
14
6
13
10
2
10, 42
10, 6, 42, 6
6, 6
35, 6
21, 6
9, 22
2
10
9
6
10, 10, 35, 10
10
2
2, 83, 3
2
6
6
9
6, 14
10, 10
2
6, 3
21, 22, 41, 22
52
15
5
15
21, 6, 21, 21
6, 6, 6, 6
15
6
5
6
6, 15, 15
2, 5, 5
2
2, 15, 15
6
6
22, 19, 22, 21, 21, 22, 21
21, 3, 21, 21
15, 15, 15
22, 10, 22, 22
5, 5, 5
22, 83, 83
6, 21, 21
21, 52, 52
6, 15, 15
41, 41, 93, 93
35, 10, 83, 83
10
3
19
4
3
2
6
2
10
13
13, 35
22
6
10
41
2
6
19
3
10
10
41
16, 6, 6, 15, 6, 15
19, 6, 6, 52, 6, 52
9, 6, 6, 6
3, 6, 6, 6
3
6
10, 15, 15
9, 5, 5
21
35, 6, 6
41, 21, 21
6
9, 21, 9, 21
85, 22, 10, 83, 22, 83
66, 22, 10, 21, 22, 21
35, 22, 10, 22
9
6
10
85, 22, 22
9
66, 6, 6
35
16, 35, 10, 35
19
16
9
3
6
22
14
2
6
10
41, 41, 2, 41
6, 6
21, 21
6, 6, 6
15, 15
22, 22, 22
21, 6, 21
5, 5
6, 6, 6
6, 21, 6
6, 41, 6
6, 35, 6
15, 6, 15
21, 6, 21
6, 2, 6
5, 5, 5
1
3
3
6, 6
5, 6
6, 6
6, 10
5, 3
15, 3, 6
6
35
21
5
6
6
6
6
5
21
15
6, 35, 4
21, 3
6, 2
21, 6
6, 10
35
21
6
10
10
2
9
6
2
6
2
6
6
22
41
6
10
13
6
2
15
22
21
6
6
6
9
10
21
35
6
41
2
6
2, 2
5, 5
6, 6
5, 5
3
2
6
6
9
10
6
6
2
2
6
15
3
4
1, 6
2, 6
3
3
4
4
4
4
2
3
2
2
4
3
5
2
1
9
10
10
3
3
3
3
3
2
6
10
10
5
6
21
22
6
15
21, 1
9
10
6
2
2
10
2
6
2
6
6
6
10
2
6
22
6
2
6
2
3
4
